2 16 -20918
18566 14 18565
2 16 -11625
2 16 -23627
2 16 -24135
2 16 -23232
5188 13 5187
18953 15 18952
28707 14 28706
4788 13 4787
2 16 -13350
15061 15 15060
5465 15 5464
8292 13 8291
21952 9 21951
14495 15 14494
2 16 -20487
3997 15 3996
2 16 -2468
2 16 -19095
29752 11 29751
27978 14 27977
2 16 -29919
4542 14 4541
9878 14 9877
2 16 -12100
22999 15 22998
2 16 -13127
19434 14 19433
2 16 -29547
21493 15 21492
19028 13 19027
21559 15 21558
11743 15 11742
2 16 -25136
10120 12 10119
26641 15 26640
2 16 -18398
2 16 -4142
28614 14 28613
4113 15 4112
2 16 -20266
5540 13 5539
2 16 -21899
1628 13 1627
2 16 -24459
2 16 -22035
2 16 -4147
2 16 -24057
2950 14 2949
2 16 -28958
24400 11 24399
18767 15 18766
27797 15 27796
2 16 -3647
2 16 -13800
9741 15 9740
2 16 -5321
2 16 -24898
18252 13 18251
2 16 -2297
2 16 -5287
29834 13 29833
18361 15 18360
3778 14 3777
6761 15 6760
8396 13 8395
15334 14 15333
2 16 -19079
3658 14 3657
2 16 -16940
2 16 -4693
1345 15 1344
10608 11 10607
2 16 -27857
25464 11 25463
2 16 -22933
27709 15 27708
2 16 -14970
2 16 -1178
99 15 98
20955 15 20954
2 16 -25930
19063 15 19062
2 16 -28326
29754 13 29753
21986 14 21985
815 15 814
4311 15 4310
2 16 -25601
1464 12 1463
2 16 -2627
18536 12 18535
15977 15 15976
5342 14 5341
25158 13 25157
12877 15 12876
2 16 -723
2 16 -29520
2 16 -27183
2 16 -18012
2 16 -15928
7407 15 7406
28104 12 28103
23860 13 23859
5020 13 5019
2 16 -13171
2 16 -15731
29858 13 29857
2 16 -22173
2 16 -22397
2 16 -13314
25097 14 25096
27715 15 27714
2 16 -4112
21075 15 21074
26815 15 26814
2 16 -26391
2 16 -16864
21043 15 21042
7128 12 7127
4399 15 4398
2 16 -15195
2 16 -26103
2 16 -3999
2 16 -25932
2 16 -17163
26869 15 26868
2 16 -3729
2 16 -24810
13132 13 13131
1476 13 1475
2 16 -7821
24519 15 24518
2 16 -323
26040 11 26039
16278 14 16277
2 16 -23496
25409 14 25408
8481 15 8480
9135 15 9134
21991 15 21990
11449 15 11448
2 16 -11343
4322 14 4321
28471 15 28470
6496 10 6495
23559 15 23558
6950 14 6949
10631 15 10630
8934 14 8933
6919 15 6918
2 16 -16478
2 16 -3515
2 16 -27663
2 16 -17516
16267 15 16266
23876 13 23875
1813 15 1812
19658 14 19657
25436 12 25435
2 16 -13950
2 16 -5960
29662 14 29661
2 16 -6747
26113 14 26112
2 16 -29872
2 16 -10044
2 16 -20698
11541 15 11540
12224 9 12223
3767 15 3766
2 16 -862
6125 15 6124
2 16 -19059
174 14 173
21190 14 21189
14484 13 14483
2 16 -29992
2 16 -15333
2 16 -4573
2 16 -23385
2 16 -3661
20710 14 20709
2 16 -12347
9425 15 9424
2 16 -25102
6222 14 6221
513 15 512
10460 13 10459
24576 2 24575
2 16 -25450
2 16 -1640
9474 14 9473
21626 14 21625
2 16 -3
2 16 -22279
24432 11 24431
2 16 -12273
2 16 -1963
2 16 -10259
2 16 -3032
2 16 -28309
2 16 -8044
23840 10 23839
2 16 -28375
9017 15 9016
25795 14 25794
2 16 -584
26529 14 26528
2562 14 2561
11374 14 11373
2 16 -10383
16007 15 16006
2 16 -15472
2 16 -10859
11425 15 11424
1726 14 1725
18468 13 18467
2 16 -28393
2 16 -19040
2 16 -20271
19104 10 19103
25497 14 25496
2 16 -25192
14377 15 14376
2 16 -7531
2036 13 2035
2 16 -18063
2 16 -22121
22517 15 22516
15615 15 15614
3690 14 3689
27168 10 27167
18941 15 18940
2 16 -22048
2 16 -10362
2 16 -21115
29494 14 29493
2 16 -25236
2327 15 2326
2 16 -21242
12410 14 12409
1587 15 1586
2 16 -15518
2 16 -29077
2 16 -22091
1371 15 1370
13254 14 13253
12429 15 12428
2 16 -27520
27456 9 27455
13518 14 13517
27469 15 27468
26707 15 26706
28209 15 28208
2 16 -11715
2 16 -18747
9489 15 9488
10242 14 10241
29234 14 29233
2 16 -18327
13992 12 13991
2 16 -21675
7615 15 7614
2 16 -26498
2 16 -18627
2 16 -18747
20963 15 20962
18239 15 18238
2 16 -9509
2 16 -8995
9238 14 9237
2 16 -23105
2 16 -6150
16666 14 16665
2 16 -28770
2 16 -2895
2 16 -19578
23170 14 23169
1593 15 1592
2 16 -28477
2 16 -5827
2 16 -21183
3371 15 3370
8373 15 8372
22062 14 22061
3439 15 3438
19573 15 19572
29274 14 29273
27775 15 27774
27322 14 27321
2 16 -17356
2 16 -3311
2 16 -27919
2 16 -17521
2 16 -17677
2 16 -21264
2 16 -7861
2 16 -21872
2 16 -2064
2 16 -28997
22486 14 22485
2 16 -15504
2 16 -25850
11576 12 11575
2 16 -19365
2 16 -11439
956 13 955
16124 13 16123
2 16 -14122
1671 15 1670
17806 14 17805
10330 14 10329
2168 12 2167
6894 14 6893
3710 14 3709
9062 14 9061
2 16 -9823
2 16 -4660
2 16 -23153
3966 14 3965
981 15 980
2 16 -26134
28178 14 28177
11917 15 11916
8945 15 8944
6417 15 6416
2 16 -16407
2 16 -16395
2 16 -4877
2 16 -10520
18044 13 18043
2 16 -28556
2 16 -4862
14917 15 14916
20341 15 20340
16077 15 16076
2 16 -18800
2 16 -16216
1533 15 1532
7098 14 7097
2 16 -3033
22442 14 22441
4180 13 4179
25569 14 25568
5121 15 5120
6473 15 6472
20518 14 20517
28585 15 28584
2 16 -23428
20666 14 20665
2 16 -11154
2 16 -22182
2 16 -596
2 16 -19265
2 16 -14153
23573 15 23572
2 16 -1326
11743 15 11742
2 16 -20757
25709 14 25708
13544 12 13543
22936 12 22935
11489 15 11488
14053 15 14052
2 16 -28357
20943 15 20942
15028 13 15027
2 16 -16393
19627 15 19626
2 16 -19305
2 16 -27345
4640 10 4639
8073 15 8072
2 16 -22553
17357 15 17356
27088 11 27087
2 16 -24536
2256 11 2255
14678 14 14677
2 16 -26123
2 16 -8718
2 16 -14342
2732 13 2731
26182 13 26181
2 16 -26216
2 16 -3481
2 16 -15592
4122 14 4121
2725 15 2724
18117 15 18116
25589 14 25588
1620 13 1619
2 16 -14727
2 16 -21340
26216 11 26215
12607 15 12606
2 16 -1571
22671 15 22670
21403 15 21402
16128 7 16127
2 16 -2608
2 16 -12118
21886 14 21885
25801 14 25800
2 16 -300
1411 15 1410
4576 10 4575
4389 15 4388
10138 14 10137
21879 15 21878
23524 13 23523
21034 14 21033
2 16 -2515
21338 14 21337
2 16 -26997
18219 15 18218
5024 10 5023
2 16 -13117
6953 15 6952
22143 15 22142
2 16 -6168
6694 14 6693
2 16 -5209
2 16 -17808
6372 13 6371
22625 15 22624
2 16 -27797
6327 15 6326
22321 15 22320
16545 15 16544
2 16 -14008
17303 15 17302
4624 11 4623
2 16 -13036
3526 14 3525
9765 15 9764
8916 13 8915
2 16 -29756
2 16 -26764
29947 15 29946
2 16 -3973
2 16 -17683
11444 13 11443
18688 7 18687
2 16 -25389
26064 10 26063
2 16 -22902
7012 13 7011
24784 10 24783
1090 14 1089
2 16 -25878
13042 14 13041
18592 10 18591
24681 14 24680
6859 15 6858
2 16 -15222
2766 14 2765
18829 15 18828
2 16 -16149
12005 15 12004
20492 13 20491
2 16 -6278
15147 15 15146
2 16 -23585
2774 14 2773
21023 15 21022
15799 15 15798
7134 14 7133
20342 14 20341
2 16 -29239
2 16 -11769
2 16 -3643
2 16 -26901
26774 14 26773
2 16 -6003
2 16 -5116
12446 14 12445
2 16 -18082
29102 13 29101
2 16 -20783
2 16 -27106
11379 15 11378
13807 15 13806
10859 15 10858
2 16 -4396
25205 14 25204
9687 15 9686
29089 14 29088
24156 13 24155
2 16 -3913
10271 15 10270
2 16 -25664
2 16 -6869
2 16 -877
2 16 -1059
2 16 -21894
2 16 -1421
28113 15 28112
7244 13 7243
2 16 -2858
15758 14 15757
22524 13 22523
5428 13 5427
26182 13 26181
23393 15 23392
14359 15 14358
22409 15 22408
2 16 -118
2 16 -16778
2 16 -26341
2 16 -13294
2 16 -16018
2 16 -18078
2 16 -18440
12457 15 12456
2 16 -23395
9801 15 9800
19018 14 19017
2 16 -5117
2 16 -22134
2 16 -1494
29043 14 29042
22376 12 22375
22967 15 22966
8603 15 8602
2 16 -12112
2 16 -18040
9796 13 9795
7598 14 7597
2 16 -18472
25786 13 25785
2 16 -21957
23695 15 23694
2 16 -6452
2 16 -25022
2 16 -28539
3304 12 3303
26865 15 26864
8981 15 8980
21101 15 21100
2 16 -10040
2 16 -7509
23612 13 23611
27020 13 27019
2 16 -311
19808 10 19807
2 16 -18663
9988 13 9987
2 16 -3137
2 16 -23926
2 16 -11658
2 16 -20930
25496 11 25495
2 16 -5156
2 16 -12779
24938 13 24937
2 16 -9388
2 16 -722
10084 13 10083
23850 14 23849
8525 15 8524
2 16 -17793
20787 15 20786
23247 15 23246
6052 13 6051
2 16 -28029
792 12 791
2 16 -1497
11905 15 11904
2 16 -20311
21148 13 21147
2 16 -14990
2 16 -952
2 16 -20193
2 16 -2359
12489 15 12488
2 16 -880
2 16 -24916
9852 13 9851
2 16 -28876
2 16 -2542
2 16 -20441
2 16 -21031
2 16 -872
23826 14 23825
2 16 -20562
8181 15 8180
2 16 -18964
19890 14 19889
21433 15 21432
2 16 -7436
20385 15 20384
7881 15 7880
9064 12 9063
2 16 -28666
21474 14 21473
2 16 -24029
2 16 -6030
2 16 -18393
2 16 -13883
2 16 -9765
29622 14 29621
2 16 -2524
9293 15 9292
24846 13 24845
2 16 -23585
10774 14 10773
2 16 -24971
22509 15 22508
26994 14 26993
12234 14 12233
2 16 -1109
21196 13 21195
21594 14 21593
2 16 -12729
2 16 -11028
14611 15 14610
2 16 -16013
2 16 -2477
2 16 -981
2 16 -17820
2 16 -23599
12011 15 12010
2 16 -9018
2 16 -237
2 16 -17174
16955 15 16954
2 16 -20023
2 16 -6253
2 16 -21496
27073 15 27072
2 16 -27747
14695 15 14694
2 16 -16024
24753 14 24752
2 16 -7767
479 15 478
22590 14 22589
14801 15 14800
21664 10 21663
2 16 -19685
2 16 -8640
3216 11 3215
21339 15 21338
2 16 -27493
11693 15 11692
20520 12 20519
2095 15 2094
20731 15 20730
11015 15 11014
2 16 -2182
22415 15 22414
2 16 -23511
2 16 -111
17584 11 17583
2 16 -13394
2 16 -17734
2 16 -23201
29689 15 29688
2 16 -4885
2 16 -11092
2 16 -22241
2 16 -23087
2 16 -1535
2 16 -7771
6551 15 6550
21448 12 21447
16633 15 16632
2 16 -3984
17324 13 17323
2 16 -23255
2 16 -7527
2 16 -19545
7373 15 7372
2 16 -1038
29956 13 29955
2 16 -3313
2 16 -13438
2 16 -1392
24413 15 24412
2 16 -7652
10390 14 10389
2 16 -11608
10997 15 10996
19383 15 19382
14505 15 14504
16761 15 16760
2 16 -957
2 16 -3590
2752 9 2751
2 16 -13689
2 16 -14006
2 16 -16011
2 16 -29578
2 16 -13583
5900 13 5899
6295 15 6294
2 16 -17760
2 16 -24435
2 16 -7082
2 16 -6284
21619 15 21618
19937 15 19936
22910 14 22909
2 16 -20859
15879 15 15878
2 16 -15569
2 16 -4606
2 16 -14051
11306 14 11305
2252 13 2251
1436 13 1435
2 16 -23340
13216 10 13215
16146 14 16145
229 15 228
2 16 -8828
2 16 -18894
189 15 188
2 16 -10962
2 16 -24260
2 16 -3795
2870 14 2869
2 16 -8721
2 16 -18072
2 16 -4559
2 16 -3219
26694 14 26693
12953 15 12952
23716 13 23715
17643 15 17642
2 16 -15649
2 16 -11250
2 16 -4525
2 16 -6799
2 16 -11028
2 16 -3914
2 16 -8344
2 16 -14023
24495 15 24494
2 16 -24481
17238 14 17237
5852 13 5851
2 16 -28370
2 16 -21538
7950 14 7949
2 16 -18040
2 16 -23096
2 16 -22658
9603 15 9602
29678 14 29677
2 16 -22436
14009 15 14008
4272 11 4271
25948 12 25947
15860 13 15859
2 16 -2724
2 16 -1513
22355 15 22354
2 16 -19556
2 16 -29642
2 16 -22310
2 16 -1978
4662 14 4661
2862 14 2861
2084 13 2083
26407 14 26406
21744 11 21743
2 16 -877
2 16 -12080
2 16 -12852
4761 15 4760
2 16 -16436
2 16 -9584
29877 14 29876
22241 15 22240
2 16 -18794
2 16 -21543
2 16 -20900
2 16 -19248
2 16 -26762
2 16 -4588
14163 15 14162
6715 15 6714
14643 15 14642
21188 13 21187
14560 10 14559
14823 15 14822
21116 13 21115
507 15 506
2 16 -25629
283 15 282
12149 15 12148
7062 14 7061
2 16 -20719
2 16 -12534
2 16 -28328
19044 13 19043
2 16 -23054
2 16 -27105
4330 14 4329
20659 15 20658
29727 14 29726
2 16 -10589
2 16 -14481
2 16 -23816
12393 15 12392
14909 15 14908
14854 14 14853
2 16 -12595
2 16 -22089
6639 15 6638
2 16 -1594
16539 15 16538
2 16 -22016
24749 14 24748
2 16 -1236
2706 14 2705
3367 15 3366
2 16 -25837
4195 15 4194
2 16 -12615
17951 15 17950
7177 15 7176
2 16 -4969
2 16 -27189
19742 14 19741
2 16 -7505
14844 13 14843
2 16 -28469
2 16 -5885
2 16 -26540
14262 14 14261
2 16 -24854
2 16 -4534
26290 13 26289
2 16 -11238
10808 12 10807
1729 15 1728
8829 15 8828
2 16 -13035
2 16 -3466
24130 14 24129
5222 14 5221
464 11 463
2 16 -1704
2 16 -26745
2 16 -18446
2 16 -3694
2 16 -18057
27308 13 27307
4873 15 4872
11252 13 11251
6958 14 6957
26336 9 26335
2796 13 2795
2 16 -2095
2 16 -27850
2 16 -22601
2 16 -23201
2 16 -24149
2 16 -4584
19204 13 19203
21247 15 21246
2 16 -14600
2 16 -1679
2 16 -14481
3289 15 3288
2 16 -9622
2 16 -1882
2 16 -10305
20927 15 20926
13315 15 13314
16372 13 16371
2 16 -24080
8384 9 8383
19338 14 19337
2 16 -13218
7988 13 7987
2 16 -17342
2 16 -27246
21759 15 21758
10159 15 10158
16629 15 16628
2 16 -27109
23138 14 23137
2 16 -19365
2 16 -12628
7957 15 7956
2 16 -5209
21891 15 21890
23920 11 23919
24911 14 24910
10921 15 10920
13675 15 13674
2 16 -11748
2 16 -20193
28863 14 28862
10561 15 10560
2 16 -3083
18237 15 18236
2648 12 2647
14487 15 14486
18437 15 18436
25779 14 25778
18223 15 18222
659 15 658
2 16 -16864
2 16 -4917
2 16 -15230
26628 13 26627
2 16 -26159
18682 14 18681
2 16 -26529
2 16 -20783
24230 14 24229
2 16 -8965
27685 15 27684
24720 10 24719
2 16 -19365
2 16 -25532
2 16 -10010
2 16 -17434
29816 11 29815
2 16 -1729
3191 15 3190
2 16 -29801
2 16 -16507
2 16 -20969
2 16 -14022
2 16 -855
28247 15 28246
7645 15 7644
16326 14 16325
16341 15 16340
20654 14 20653
2 16 -7255
2 16 -2849
2 16 -5766
2 16 -4687
2 16 -7217
2 16 -25844
2 16 -6993
2 16 -23625
21542 14 21541
2 16 -10336
27409 15 27408
28323 15 28322
2 16 -1631
2 16 -17704
18760 12 18759
2 16 -9186
2 16 -24983
2 16 -9520
10164 13 10163
2 16 -227
2 16 -4712
2 16 -3912
2 16 -18422
2 16 -27617
29489 15 29488
16655 15 16654
6534 14 6533
5486 14 5485
2 16 -7320
2 16 -4884
2 16 -8341
2689 15 2688
4632 12 4631
2 16 -29336
9122 14 9121
2 16 -23364
29408 10 29407
26627 15 26626
2 16 -15580
2 16 -28726
28081 15 28080
2 16 -16586
2 16 -7815
29645 15 29644
2 16 -22407
25043 14 25042
2 16 -6813
569 15 568
22228 13 22227
2 16 -24331
2 16 -25625
28959 14 28958
14408 12 14407
2 16 -4928
2 16 -5135
14913 15 14912
2 16 -13373
25192 11 25191
2 16 -6502
22159 15 22158
13677 15 13676
2 16 -5433
5588 13 5587
2 16 -4021
2 16 -1744
2 16 -8934
16147 15 16146
2 16 -10642
20250 14 20249
2 16 -29035
2 16 -23559
15453 15 15452
5901 15 5900
2 16 -28440
10504 12 10503
282 14 281
5768 12 5767
2 16 -24557
7136 10 7135
22081 15 22080
2 16 -16673
2 16 -25513
25429 14 25428
348 13 347
18533 15 18532
17481 15 17480
9670 14 9669
2 16 -14983
2 16 -4616
2 16 -21209
20841 15 20840
12516 13 12515
2 16 -22592
2 16 -20790
2 16 -23835
16193 15 16192
2 16 -2858
27974 14 27973
24590 13 24589
2 16 -16537
17905 15 17904
2 16 -18418
2 16 -4187
6504 12 6503
6521 15 6520
11934 14 11933
2 16 -16305
2 16 -14431
6951 15 6950
16257 15 16256
29815 14 29814
2 16 -25889
2 16 -4345
2 16 -28730
28598 14 28597
2 16 -26779
2 16 -498
25117 14 25116
2 16 -7366
2 16 -12704
15651 15 15650
14805 15 14804
2 16 -20931
8803 15 8802
18225 15 18224
2 16 -7457
2 16 -14110
2 16 -18125
2 16 -10108
11807 15 11806
2 16 -7880
2 16 -18817
14168 12 14167
2 16 -13607
2 16 -6689
2 16 -10252
17784 12 17783
7396 13 7395
2 16 -20211
8521 15 8520
20856 12 20855
2 16 -21371
2 16 -3161
13092 13 13091
2 16 -3630
16405 15 16404
2 16 -26668
2 16 -12528
10608 11 10607
2 16 -1379
2 16 -27245
2 16 -9584
2 16 -12198
2 16 -18642
2 16 -29127
294 14 293
13552 11 13551
6715 15 6714
2 16 -15949
2 16 -22623
2 16 -28722
13505 15 13504
2522 14 2521
2 16 -10178
2 16 -3638
13832 12 13831
2 16 -16644
2 16 -22153
1260 13 1259
26959 15 26958
28237 15 28236
25349 14 25348
2 16 -16386
6066 14 6065
22012 13 22011
5495 15 5494
13401 15 13400
2 16 -15076
22536 12 22535
13339 15 13338
21526 14 21525
19567 15 19566
2 16 -10711
27513 15 27512
2 16 -27062
2 16 -15928
27498 14 27497
22227 15 22226
9452 13 9451
24953 14 24952
9239 15 9238
2 16 -21088
2 16 -7307
15873 15 15872
2 16 -18954
2 16 -15395
19501 15 19500
17038 14 17037
2 16 -23184
2 16 -1702
2 16 -23637
9939 15 9938
24657 14 24656
8157 15 8156
15977 15 15976
15683 15 15682
2 16 -27261
21470 14 21469
2 16 -29793
23910 14 23909
2 16 -360
18498 14 18497
20895 15 20894
22251 15 22250
2 16 -12077
3995 15 3994
2 16 -24424
2 16 -877
12337 15 12336
20404 13 20403
2196 13 2195
2 16 -20312
16058 14 16057
15969 15 15968
2 16 -12045
2 16 -25666
6025 15 6024
320 9 319
4447 15 4446
6151 15 6150
2 16 -16465
2 16 -20176
2 16 -25572
27376 11 27375
2675 15 2674
2 16 -9115
25321 14 25320
2 16 -17907
2 16 -8237
1643 15 1642
2 16 -18574
2 16 -19231
6345 15 6344
2 16 -11374
2 16 -5670
2 16 -22055
2 16 -2936
15041 15 15040
14750 14 14749
17473 15 17472
28931 14 28930
22518 14 22517
2 16 -1245
2 16 -26068
2 16 -9249
2 16 -14212
28367 15 28366
2 16 -19475
2 16 -26002
24303 15 24302
2 16 -28921
13843 15 13842
2 16 -2320
2 16 -17917
6883 15 6882
24782 13 24781
13530 14 13529
2 16 -17938
2 16 -28363
2 16 -22477
2 16 -17072
11239 15 11238
14894 14 14893
2 16 -7818
29459 15 29458
9093 15 9092
2 16 -181
2 16 -10808
9225 15 9224
20298 14 20297
2 16 -17233
2 16 -18002
249 15 248
10662 14 10661
2 16 -12601
2 16 -16974
2 16 -9319
18808 12 18807
2 16 -8852
2 16 -15646
2 16 -4703
2 16 -25160
2 16 -4596
15368 12 15367
26349 14 26348
2 16 -22161
5543 15 5542
2 16 -2541
2 16 -29942
2 16 -26388
2 16 -28574
2059 15 2058
3848 12 3847
15138 14 15137
7711 15 7710
2 16 -13487
2 16 -23463
9548 13 9547
20155 15 20154
27931 15 27930
2 16 -8989
16530 14 16529
2 16 -15914
11033 15 11032
2 16 -14723
596 13 595
2 16 -9293
2 16 -1254
18655 15 18654
2 16 -26739
22512 11 22511
2 16 -10773
11945 15 11944
831 15 830
2 16 -21400
26921 15 26920
2 16 -18335
20694 14 20693
3839 15 3838
4202 14 4201
2 16 -750
2 16 -11557
18586 14 18585
6465 15 6464
2 16 -5823
2 16 -10093
2 16 -21923
2 16 -4934
2 16 -16540
2 16 -24424
2 16 -29007
29145 14 29144
18171 15 18170
2 16 -11510
2 16 -25990
2 16 -5997
29008 10 29007
2 16 -4925
2 16 -23276
10960 11 10959
2 16 -13567
10023 15 10022
1617 15 1616
2 16 -22828
2 16 -9639
17010 14 17009
2 16 -932
1613 15 1612
20039 15 20038
2 16 -23666
3931 15 3930
17710 14 17709
2 16 -21984
2 16 -29854
2 16 -28012
2 16 -27638
2 16 -14220
5477 15 5476
2 16 -671
18762 14 18761
27941 15 27940
7813 15 7812
14900 13 14899
1672 12 1671
29768 11 29767
1211 15 1210
7864 12 7863
16525 15 16524
2 16 -7160
2 16 -2116
9361 15 9360
4914 14 4913
2 16 -23849
20507 15 20506
2 16 -24387
24915 14 24914
9343 15 9342
2 16 -12078
2 16 -12026
2 16 -11781
10447 15 10446
2 16 -16736
2 16 -22916
16751 15 16750
6651 15 6650
2 16 -19456
2 16 -23663
4065 15 4064
2 16 -20601
19169 15 19168
11694 14 11693
2 16 -5450
2 16 -21688
2 16 -20243
15138 14 15137
2 16 -27636
2 16 -27443
7975 15 7974
8697 15 8696
2 16 -7170
2 16 -16994
2 16 -3778
2 16 -11648
2 16 -19401
29385 15 29384
23758 14 23757
2 16 -15063
2 16 -28863
2 16 -8020
2 16 -22144
29863 14 29862
4814 14 4813
8170 14 8169
2 16 -9332
648 12 647
29893 15 29892
1002 14 1001
21062 14 21061
305 15 304
28274 14 28273
2 16 -1020
2 16 -18578
2 16 -7998
5648 11 5647
10878 14 10877
2 16 -21845
22317 15 22316
2 16 -14634
2 16 -29236
23479 15 23478
20798 14 20797
26331 14 26330
2 16 -10131
6016 8 6015
8797 15 8796
2 16 -14106
2 16 -15665
2 16 -24929
2 16 -12909
9680 11 9679
13023 15 13022
2 16 -18301
2 16 -8268
2 16 -29457
2 16 -22548
2 16 -15340
6561 15 6560
13424 11 13423
2 16 -16226
2 16 -1892
2 16 -27825
18076 13 18075
11224 12 11223
17793 15 17792
2010 14 2009
19804 13 19803
5004 13 5003
2 16 -22863
2 16 -136
9392 11 9391
918 14 917
5070 14 5069
9523 15 9522
2 16 -13532
6411 15 6410
28956 12 28955
2 16 -15326
2 16 -28711
2 16 -19231
2 16 -17772
2 16 -17895
11298 14 11297
12062 14 12061
2 16 -18573
2 16 -20798
5258 14 5257
2520 12 2519
2 16 -26723
2 16 -8510
3323 15 3322
23490 14 23489
2 16 -7193
2 16 -21765
2 16 -25347
20842 14 20841
17767 15 17766
2 16 -12384
24600 11 24599
2 16 -22743
2 16 -20365
2959 15 2958
12820 13 12819
2 16 -10157
4719 15 4718
6931 15 6930
2 16 -27373
2 16 -8851
2 16 -22793
2779 15 2778
2 16 -23675
23479 15 23478
23255 15 23254
2 16 -28349
2 16 -16475
26570 13 26569
2 16 -8520
2 16 -3627
2 16 -24100
10637 15 10636
2 16 -13617
24580 12 24579
13938 14 13937
2 16 -5684
21626 14 21625
21983 15 21982
15818 14 15817
14604 13 14603
2 16 -24357
2 16 -21410
16796 13 16795
2 16 -2871
2 16 -13730
8736 10 8735
2 16 -17065
2 16 -15532
8090 14 8089
9129 15 9128
24057 15 24056
15893 15 15892
2 16 -17766
2 16 -5984
2 16 -5914
2 16 -11388
2 16 -23222
2 16 -17742
2 16 -7047
2 16 -19287
10923 15 10922
17090 14 17089
2581 15 2580
2 16 -3000
26926 14 26925
11530 14 11529
2 16 -12859
2 16 -15546
2 16 -15505
11140 13 11139
1299 15 1298
2 16 -5161
24394 14 24393
2 16 -542
2 16 -11979
12890 14 12889
3781 15 3780
15794 14 15793
16193 15 16192
2 16 -2873
2 16 -27703
2 16 -8622
21790 14 21789
2 16 -978
13152 10 13151
2 16 -29663
1306 14 1305
2 16 -28482
2 16 -17853
2 16 -6731
14237 15 14236
2 16 -1800
23850 14 23849
2 16 -19671
2851 15 2850
2 16 -8842
21297 15 21296
2 16 -1814
2 16 -19552
2 16 -18055
2 16 -6903
2 16 -18958
2 16 -2924
29638 14 29637
274 14 273
2 16 -26369
2 16 -22584
18862 14 18861
2 16 -23008
10267 15 10266
2 16 -28345
18671 15 18670
25625 14 25624
4278 14 4277
2 16 -14240
2 16 -2231
23275 15 23274
2 16 -23028
2 16 -25141
2 16 -23867
2 16 -21589
22842 14 22841
2 16 -29764
15414 14 15413
2 16 -14434
28112 11 28111
2 16 -22928
1470 14 1469
16134 14 16133
2 16 -27151
25683 14 25682
23983 15 23982
21382 14 21381
2 16 -18102
2 16 -25189
2 16 -25651
23076 13 23075
11771 15 11770
2 16 -3266
2 16 -29124
4031 15 4030
6290 14 6289
2 16 -23256
9752 12 9751
2 16 -11614
2 16 -13758
2 16 -20237
2 16 -16128
20588 13 20587
2 16 -8167
19754 14 19753
10990 14 10989
18815 15 18814
2 16 -26308
2 16 -9258
2 16 -3912
17876 13 17875
2 16 -25693
24457 15 24456
2 16 -7480
25043 14 25042
6335 15 6334
19083 15 19082
2 16 -19746
14633 15 14632
2 16 -29156
2 16 -25602
5567 15 5566
16913 15 16912
2 16 -12696
4963 15 4962
2 16 -26374
8795 15 8794
2 16 -27568
2 16 -21097
12974 14 12973
2 16 -8638
6000 11 5999
2 16 -28998
28003 15 28002
21558 14 21557
2 16 -19932
2 16 -6537
3009 15 3008
2381 15 2380
2 16 -3747
22762 14 22761
17236 13 17235
24214 14 24213
2 16 -21691
6636 13 6635
2 16 -16298
2 16 -9986
2 16 -23799
2 16 -16365
2 16 -10838
2 16 -5623
2 16 -13492
19841 15 19840
2 16 -22633
25605 14 25604
1723 15 1722
2 16 -13124
2 16 -19904
2 16 -11184
23022 14 23021
7641 15 7640
2 16 -18216
16283 15 16282
12607 15 12606
4494 14 4493
18295 15 18294
2 16 -12841
2 16 -1065
2 16 -674
2 16 -28604
6340 13 6339
7121 15 7120
2 16 -22740
2 16 -23472
2 16 -11850
2 16 -24216
17811 15 17810
2 16 -10923
2 16 -11933
2 16 -18727
8126 14 8125
2 16 -11385
2 16 -4223
1853 15 1852
2 16 -978
2 16 -3070
7825 15 7824
2 16 -17919
2 16 -14286
8378 14 8377
2 16 -21633
2 16 -6072
1556 13 1555
2 16 -6835
5586 14 5585
23031 15 23030
2 16 -29418
2 16 -28157
2 16 -1939
2 16 -5769
17297 15 17296
2 16 -1348
2 16 -15189
2 16 -739
16320 9 16319
13160 12 13159
2 16 -15336
2 16 -3680
10717 15 10716
23858 14 23857
2 16 -13388
4765 15 4764
29527 15 29526
7252 13 7251
2 16 -20241
2 16 -23538
24293 15 24292
2 16 -4240
2 16 -8008
2 16 -6691
2 16 -17021
2 16 -27819
23956 13 23955
2 16 -28793
2804 13 2803
22479 15 22478
2 16 -11743
24371 15 24370
20539 15 20538
2 16 -12006
2 16 -12352
6777 15 6776
2 16 -7230
2 16 -23581
18198 14 18197
2 16 -15855
2 16 -23867
2 16 -9099
2 16 -11108
20298 14 20297
3478 14 3477
2 16 -2121
4578 14 4577
23246 14 23245
2 16 -225
2 16 -9324
4880 11 4879
6692 13 6691
13894 14 13893
14317 15 14316
6024 12 6023
2 16 -3084
18950 14 18949
20823 15 20822
2710 14 2709
2 16 -13183
24711 14 24710
2 16 -1343
2 16 -2255
2 16 -1469
6567 15 6566
9584 11 9583
21477 15 21476
11321 15 11320
18842 14 18841
2374 14 2373
14083 15 14082
3390 14 3389
16451 15 16450
2 16 -20871
2 16 -22494
28691 14 28690
26787 15 26786
26465 14 26464
2 16 -23485
21445 15 21444
17131 15 17130
2416 11 2415
1687 15 1686
2 16 -2119
2 16 -10388
11200 9 11199
2 16 -27561
2 16 -23850
2 16 -13648
2 16 -20368
17514 14 17513
2 16 -19845
24104 12 24103
27743 15 27742
2 16 -1458
4132 13 4131
2 16 -20538
22665 15 22664
15595 15 15594
2028 13 2027
24080 11 24079
2 16 -7627
3480 12 3479
16928 10 16927
2 16 -8342
2 16 -20181
16803 15 16802
3535 15 3534
12195 15 12194
19460 13 19459
2 16 -22657
2 16 -3095
2 16 -17414
24866 13 24865
1011 15 1010
17772 13 17771
919 15 918
2 16 -28265
2 16 -10053
9159 15 9158
2 16 -7834
921 15 920
2 16 -13241
2 16 -25742
2 16 -28750
2 16 -27350
7389 15 7388
4519 15 4518
2 16 -11131
25404 12 25403
8420 13 8419
3034 14 3033
2 16 -25818
27849 15 27848
2 16 -24553
8455 15 8454
2 16 -10481
2 16 -26235
12373 15 12372
11153 15 11152
2 16 -25891
2 16 -18840
10222 14 10221
17409 15 17408
2 16 -29146
2 16 -26502
2 16 -27423
2 16 -29981
21204 13 21203
15993 15 15992
19146 14 19145
10520 12 10519
28541 15 28540
2 16 -15649
2 16 -2204
29191 15 29190
2 16 -17063
21884 13 21883
21086 14 21085
2 16 -19287
2 16 -26026
2 16 -420
21431 15 21430
2 16 -23250
316 13 315
13653 15 13652
28789 14 28788
2 16 -14115
2 16 -22968
2 16 -8112
3468 13 3467
6831 15 6830
2 16 -8635
2 16 -25877
2 16 -12108
1718 14 1717
2 16 -25001
21058 14 21057
2 16 -23359
2 16 -8746
29430 14 29429
2 16 -16158
13623 15 13622
18538 14 18537
2 16 -2948
2 16 -2309
2 16 -27872
2 16 -29396
5700 13 5699
2 16 -6057
2 16 -3765
2 16 -6686
3582 14 3581
23296 7 23295
16580 13 16579
11181 15 11180
2 16 -11536
2 16 -21854
3854 14 3853
2 16 -28380
24774 13 24773
2 16 -15311
8683 15 8682
4395 15 4394
21285 15 21284
5478 14 5477
17870 14 17869
2 16 -20879
23101 15 23100
2 16 -12838
12438 14 12437
2 16 -3960
28373 15 28372
2 16 -6325
2 16 -16681
29756 12 29755
2 16 -24416
15059 15 15058
1786 14 1785
2 16 -22041
2 16 -12754
25965 14 25964
7974 14 7973
2 16 -24042
12286 14 12285
2 16 -1088
2 16 -11674
2 16 -16552
11365 15 11364
2 16 -20548
2 16 -5613
2 16 -13561
2 16 -1181
26046 13 26045
2 16 -5274
3610 14 3609
15251 15 15250
2 16 -10177
2 16 -9502
2 16 -23304
23399 15 23398
2 16 -10367
23042 14 23041
15272 12 15271
4830 14 4829
3857 15 3856
2 16 -8470
7669 15 7668
290 14 289
2 16 -28695
13319 15 13318
2 16 -24789
2 16 -12729
16400 11 16399
29298 14 29297
2 16 -23528
2 16 -17072
2 16 -10620
2 16 -4861
25320 11 25319
2 16 -14993
18290 14 18289
2 16 -15313
19928 12 19927
2 16 -16874
2 16 -10712
2 16 -2285
1590 14 1589
12560 11 12559
2 16 -8012
2 16 -260
1176 12 1175
2 16 -1945
2 16 -23858
14297 15 14296
11180 13 11179
2 16 -27508
2 16 -1311
28866 13 28865
2 16 -20547
2 16 -6198
2069 15 2068
2 16 -17143
2 16 -5080
3376 11 3375
2 16 -25864
15035 15 15034
29065 14 29064
23517 15 23516
8444 13 8443
2 16 -14693
21676 13 21675
2 16 -14302
18852 13 18851
27255 15 27254
2 16 -19445
5831 15 5830
8654 14 8653
28378 14 28377
18617 15 18616
1540 13 1539
2 16 -15052
6897 15 6896
2 16 -26242
2 16 -13406
25041 14 25040
2 16 -10992
2 16 -956
2 16 -14807
2 16 -20282
22089 15 22088
2 16 -23745
20289 15 20288
15951 15 15950
4147 15 4146
2 16 -11438
25287 14 25286
2 16 -21342
2 16 -21102
2 16 -28253
2 16 -7734
15826 14 15825
2 16 -4528
27245 15 27244
2 16 -21970
7897 15 7896
14756 13 14755
2 16 -1243
2 16 -23821
2 16 -19186
4138 14 4137
8380 13 8379
392 12 391
22311 15 22310
2 16 -25026
9903 15 9902
10095 15 10094
2 16 -2814
23958 14 23957
2 16 -9145
2 16 -12255
2 16 -28502
13335 15 13334
2 16 -25015
10227 15 10226
2 16 -12305
2408 12 2407
19611 15 19610
8842 14 8841
2 16 -11688
2 16 -11333
22977 15 22976
24358 14 24357
2 16 -17961
2 16 -20735
2 16 -18898
16382 14 16381
6633 15 6632
2 16 -18137
2 16 -27092
2 16 -27288
2 16 -18924
27432 12 27431
575 15 574
2 16 -23312
2 16 -873
11805 15 11804
8085 15 8084
15147 15 15146
2 16 -2164
2 16 -3639
21999 15 21998
15476 13 15475
2 16 -11895
6184 12 6183
19653 15 19652
8482 14 8481
15456 10 15455
2 16 -15912
2 16 -1432
10068 13 10067
2 16 -23517
2 16 -11305
5297 15 5296
2 16 -1134
2 16 -20035
20473 15 20472
26978 14 26977
22611 15 22610
17607 15 17606
28048 11 28047
22154 14 22153
26645 15 26644
2 16 -7479
6726 14 6725
11077 15 11076
2 16 -29198
3992 12 3991
2 16 -28562
5596 13 5595
2 16 -29276
2 16 -20469
4132 13 4131
23337 15 23336
14567 15 14566
2 16 -23777
14554 14 14553
11191 15 11190
1649 15 1648
794 14 793
23651 15 23650
2 16 -14515
3525 15 3524
7246 14 7245
2 16 -16597
26851 15 26850
2 16 -27104
2 16 -2820
3290 14 3289
2 16 -18055
3556 13 3555
20342 14 20341
2 16 -13968
2 16 -8374
524 13 523
24390 14 24389
2 16 -16495
22450 14 22449
13975 15 13974
2 16 -1368
2 16 -20713
2 16 -29310
2 16 -3000
2 16 -7300
24628 12 24627
2 16 -7343
2 16 -8082
29219 15 29218
22706 14 22705
2 16 -15665
2 16 -2560
29035 14 29034
11880 12 11879
24567 15 24566
2 16 -15573
2 16 -913
24090 14 24089
2 16 -23958
2 16 -29744
7811 15 7810
21245 15 21244
2 16 -5895
2 16 -5463
2 16 -10824
2 16 -27208
8953 15 8952
6557 15 6556
28506 14 28505
17375 15 17374
2 16 -11312
2 16 -20466
2 16 -25380
6066 14 6065
2 16 -17624
2 16 -28419
4421 15 4420
7215 15 7214
2 16 -27853
7786 14 7785
8115 15 8114
14628 13 14627
2970 14 2969
26174 13 26173
2 16 -20782
2 16 -22191
2 16 -18763
27219 15 27218
2 16 -12698
2 16 -10377
2 16 -15547
18650 14 18649
2 16 -20931
2 16 -29945
29999 14 29998
2 16 -2084
9682 14 9681
2 16 -22613
2 16 -3538
2 16 -10644
2 16 -19100
2 16 -14670
3022 14 3021
731 15 730
16746 14 16745
14003 15 14002
14775 15 14774
2 16 -19624
2 16 -7374
1365 15 1364
2 16 -512
2 16 -3534
2 16 -20833
2 16 -12452
2 16 -2362
2 16 -20947
21848 12 21847
2 16 -19757
24213 15 24212
2 16 -27224
4159 15 4158
2 16 -19828
23143 15 23142
14073 15 14072
2 16 -9548
10859 15 10858
2 16 -29252
2584 12 2583
2 16 -25991
21945 15 21944
19405 15 19404
2 16 -4199
2 16 -2044
15769 15 15768
15738 14 15737
2 16 -1898
24732 12 24731
2 16 -2612
2 16 -7337
13436 13 13435
2849 15 2848
2 16 -23776
2 16 -1951
2 16 -5609
3212 13 3211
29723 14 29722
25557 14 25556
2 16 -6405
5905 15 5904
2 16 -7342
2 16 -15741
5186 14 5185
2 16 -22293
2 16 -13103
29347 15 29346
7358 14 7357
2 16 -26847
2 16 -28433
24838 13 24837
2 16 -17300
18119 15 18118
8553 15 8552
2 16 -24966
2 16 -19740
2 16 -16810
2 16 -1565
10335 15 10334
2 16 -23912
15476 13 15475
29548 13 29547
2 16 -10075
2 16 -12504
19288 12 19287
2 16 -3624
2 16 -27889
24670 13 24669
2188 13 2187
2 16 -6912
18313 15 18312
25376 9 25375
2 16 -15046
2 16 -26489
19177 15 19176
27635 15 27634
2 16 -25319
1953 15 1952
8744 12 8743
2 16 -29371
29394 14 29393
16859 15 16858
2 16 -25805
13478 14 13477
13917 15 13916
26357 14 26356
2 16 -2742
1555 15 1554
2 16 -4970
2 16 -9138
29931 15 29930
2 16 -15447
2 16 -24114
2 16 -24894
2 16 -7245
2 16 -21037
2 16 -6426
2 16 -3612
2 16 -6155
2 16 -5241
2 16 -12385
7831 15 7830
28160 6 28159
14688 10 14687
2 16 -22157
3717 15 3716
6526 14 6525
2 16 -27920
2 16 -20697
3298 14 3297
2 16 -24613
2 16 -27250
17796 13 17795
2 16 -19222
15773 15 15772
2107 15 2106
13886 14 13885
2 16 -10667
23979 15 23978
18482 14 18481
2 16 -23871
2 16 -14726
2212 13 2211
2 16 -11925
2 16 -23347
10566 14 10565
7410 14 7409
5834 14 5833
23799 15 23798
2 16 -883
2 16 -7371
15854 14 15853
24857 14 24856
4271 15 4270
2 16 -11465
2 16 -7985
8454 14 8453
2 16 -13304
2 16 -10364
3107 15 3106
26016 9 26015
2 16 -26918
27948 13 27947
25110 13 25109
26792 12 26791
2 16 -24077
2 16 -16470
2 16 -16322
2 16 -19181
2 16 -19035
19788 13 19787
2 16 -29932
19631 15 19630
22905 15 22904
21984 10 21983
23076 13 23075
17539 15 17538
2 16 -17937
2 16 -4319
27135 15 27134
13672 12 13671
14613 15 14612
2 16 -7550
2 16 -15820
16079 15 16078
26273 14 26272
14702 14 14701
1403 15 1402
2 16 -5056
28958 13 28957
5806 14 5805
1391 15 1390
11759 15 11758
11630 14 11629
2 16 -17310
2 16 -425
5278 14 5277
2 16 -7253
18590 14 18589
25942 13 25941
24441 15 24440
2 16 -9051
2 16 -16726
2 16 -21599
2 16 -5007
2 16 -4806
2 16 -7456
14320 11 14319
12326 14 12325
12767 15 12766
2 16 -22312
2 16 -26318
26418 13 26417
2 16 -971
2 16 -19667
2 16 -2630
2 16 -13760
2 16 -18661
26927 15 26926
2 16 -4012
3981 15 3980
2 16 -23906
2 16 -28490
7099 15 7098
10299 15 10298
2 16 -26604
2 16 -13986
2 16 -19384
2 16 -27821
2 16 -29699
2 16 -9656
2 16 -12682
2 16 -5466
14963 15 14962
2 16 -17042
21461 15 21460
2 16 -3035
2 16 -15482
2 16 -24880
2 16 -13368
2 16 -22295
2 16 -15252
723 15 722
2 16 -21562
2 16 -10973
2 16 -8122
22092 13 22091
20805 15 20804
5246 14 5245
18199 15 18198
5950 14 5949
2 16 -11434
10206 14 10205
2 16 -11409
1551 15 1550
2 16 -12985
2 16 -19293
2 16 -28401
5097 15 5096
17067 15 17066
2 16 -11303
2 16 -25657
23469 15 23468
2 16 -9913
16850 14 16849
2 16 -14282
2 16 -4680
26387 14 26386
2 16 -2503
2 16 -26414
2 16 -28536
10864 11 10863
27293 15 27292
2 16 -2496
2 16 -6461
2 16 -29824
2 16 -17477
25843 14 25842
11651 15 11650
2 16 -15823
2 16 -29290
2 16 -19245
21061 15 21060
2 16 -5581
27719 15 27718
646 14 645
23919 15 23918
2 16 -28231
2 16 -24494
3793 15 3792
12612 13 12611
20451 15 20450
21593 15 21592
10823 15 10822
2 16 -23491
2 16 -26738
2 16 -18177
9347 15 9346
22487 15 22486
8337 15 8336
16428 13 16427
29867 14 29866
2 16 -24727
17494 14 17493
1789 15 1788
9218 14 9217
26518 13 26517
28655 15 28654
12697 15 12696
2 16 -3576
7293 15 7292
14954 14 14953
3897 15 3896
11583 15 11582
28659 15 28658
2 16 -20949
27669 15 27668
2 16 -14809
2 16 -3719
2 16 -21735
2 16 -4639
29606 14 29605
2 16 -28947
24293 15 24292
2 16 -9560
1052 13 1051
2 16 -22717
2 16 -6097
2 16 -6768
2 16 -29383
2 16 -7636
9073 15 9072
3387 15 3386
29710 13 29709
2 16 -22668
2 16 -18536
17153 15 17152
8989 15 8988
2 16 -25550
1636 13 1635
2 16 -28467
28640 10 28639
24260 13 24259
2 16 -11861
2 16 -19236
2 16 -28826
3722 14 3721
2 16 -22408
2 16 -12963
26135 14 26134
20621 15 20620
2 16 -13385
18078 14 18077
2 16 -27334
24821 14 24820
2 16 -17431
2 16 -11636
25843 14 25842
2 16 -14457
22884 13 22883
2 16 -27885
2 16 -1541
2 16 -9985
2 16 -16224
17209 15 17208
2 16 -11474
25254 13 25253
2 16 -19295
2 16 -23688
25010 13 25009
15738 14 15737
2 16 -28609
16756 13 16755
2 16 -11899
2 16 -8801
2 16 -4115
13650 14 13649
18528 10 18527
2 16 -15653
9326 14 9325
28918 13 28917
4457 15 4456
15969 15 15968
2 16 -11987
7558 14 7557
20486 14 20485
2 16 -23526
25237 14 25236
2 16 -7914
2 16 -26856
9699 15 9698
2 16 -24216
15583 15 15582
645 15 644
24951 14 24950
8350 14 8349
15869 15 15868
27143 15 27142
3440 11 3439
2 16 -3547
19908 13 19907
2 16 -11437
22288 11 22287
27403 15 27402
5506 14 5505
2 16 -29158
21641 15 21640
2 16 -17672
2 16 -23399
2 16 -5793
8511 15 8510
2 16 -18853
1924 13 1923
2 16 -23689
2 16 -6443
10024 12 10023
7495 15 7494
9814 14 9813
7826 14 7825
7803 15 7802
2 16 -23582
2 16 -11481
18872 12 18871
2 16 -27968
18972 13 18971
4273 15 4272
6782 14 6781
29669 15 29668
28846 13 28845
2 16 -5374
2 16 -153
2 16 -7493
15108 13 15107
2 16 -22909
2 16 -23888
2 16 -6744
2 16 -5102
478 14 477
2 16 -18898
2 16 -20885
18415 15 18414
4132 13 4131
9560 12 9559
2 16 -4837
16339 15 16338
11911 15 11910
4904 12 4903
24407 15 24406
2 16 -7150
2 16 -23361
2 16 -15321
2 16 -1211
2 16 -13354
2 16 -16813
2 16 -2591
4943 15 4942
5723 15 5722
2 16 -26726
17657 15 17656
2 16 -6827
4019 15 4018
2 16 -21389
11278 14 11277
2 16 -4172
25220 12 25219
2 16 -23007
19164 13 19163
6660 13 6659
2 16 -26182
2 16 -5274
2 16 -9659
20555 15 20554
10390 14 10389
2545 15 2544
20570 14 20569
2 16 -19209
2 16 -14127
2 16 -3371
25460 12 25459
18126 14 18125
8445 15 8444
2 16 -5504
2 16 -26123
9370 14 9369
2 16 -28773
2 16 -28006
2 16 -24909
9665 15 9664
2 16 -19848
3862 14 3861
23271 15 23270
2 16 -6131
2 16 -11306
19526 14 19525
2 16 -22565
2 16 -11680
2 16 -752
24832 6 24831
15093 15 15092
2 16 -21051
22664 12 22663
1921 15 1920
3733 15 3732
2 16 -19214
28305 15 28304
22975 15 22974
804 13 803
12334 14 12333
2 16 -16387
2 16 -21950
2 16 -16140
2 16 -12160
13620 13 13619
2 16 -11381
2 16 -6457
20008 12 20007
2 16 -15120
3529 15 3528
8232 12 8231
22403 15 22402
2 16 -20879
2 16 -24642
2 16 -18308
2 16 -21923
2 16 -17074
27747 15 27746
1923 15 1922
2 16 -20361
2 16 -12095
2 16 -21012
8756 13 8755
28839 14 28838
2651 15 2650
26953 15 26952
26553 14 26552
2 16 -28919
2 16 -6613
2 16 -26403
7795 15 7794
16929 15 16928
3850 14 3849
12228 13 12227
2 16 -26284
14913 15 14912
29550 14 29549
462 14 461
17537 15 17536
2 16 -27133
2 16 -29535
2 16 -1140
2 16 -14058
2 16 -16686
2861 15 2860
11113 15 11112
2 16 -15575
2 16 -6481
2 16 -2997
2 16 -15666
2 16 -21459
4230 14 4229
19837 15 19836
2 16 -502
6439 15 6438
22664 12 22663
2 16 -11799
27010 14 27009
24362 14 24361
11906 14 11905
5844 13 5843
2 16 -10811
19764 13 19763
11905 15 11904
24136 12 24135
2 16 -19314
2 16 -29619
2 16 -4530
2 16 -19385
3223 15 3222
15910 14 15909
4470 14 4469
24658 13 24657
2 16 -24049
25948 12 25947
2 16 -3999
25099 14 25098
2 16 -12597
2 16 -25670
2 16 -25108
26187 14 26186
2 16 -29339
20863 15 20862
6690 14 6689
21196 13 21195
5956 13 5955
2 16 -17612
24417 15 24416
2 16 -5601
2 16 -23295
2 16 -25569
13466 14 13465
26777 15 26776
2 16 -8073
21969 15 21968
2 16 -14572
11615 15 11614
16578 14 16577
28318 14 28317
2 16 -7070
2 16 -22935
2 16 -20327
2 16 -14323
2 16 -26076
2 16 -25384
2 16 -1129
11560 12 11559
2 16 -23950
2166 14 2165
466 14 465
16974 14 16973
2 16 -29553
7264 10 7263
2 16 -841
10420 13 10419
20773 15 20772
2 16 -7314
2 16 -9430
20136 12 20135
25914 13 25913
4020 13 4019
7305 15 7304
2 16 -24975
22794 14 22793
20772 13 20771
2 16 -25557
25761 14 25760
22156 13 22155
2 16 -5926
2 16 -2661
2 16 -4132
2 16 -1446
2 16 -15714
2 16 -5465
25940 12 25939
2 16 -7243
2 16 -14880
2 16 -639
2 16 -24281
6648 12 6647
12630 14 12629
14284 13 14283
9741 15 9740
2 16 -5003
8587 15 8586
2 16 -24668
2 16 -15711
6434 14 6433
4340 13 4339
18277 15 18276
29161 14 29160
6333 15 6332
2 16 -13081
2 16 -2230
5721 15 5720
2 16 -24294
17573 15 17572
2 16 -25597
2 16 -18180
10569 15 10568
2 16 -24134
2 16 -13715
2 16 -15685
21691 15 21690
2 16 -7977
2 16 -16588
2 16 -24664
11177 15 11176
29295 15 29294
2 16 -1105
2 16 -5995
26676 13 26675
2 16 -7442
29515 15 29514
28577 15 28576
2 16 -18879
2 16 -24865
2 16 -29275
2 16 -4355
2 16 -13880
2 16 -27603
6324 13 6323
2 16 -19684
13463 15 13462
10400 10 10399
2 16 -9968
28703 14 28702
9838 14 9837
1532 13 1531
2 16 -18441
2 16 -11958
11414 14 11413
13528 12 13527
4468 13 4467
2 16 -9351
2 16 -22696
2 16 -21129
2 16 -1556
2 16 -13512
28927 14 28926
2 16 -26873
1932 13 1931
5300 13 5299
29283 15 29282
18433 15 18432
22650 14 22649
2 16 -22670
2 16 -14044
22681 15 22680
28479 15 28478
2 16 -22525
2 16 -27833
2 16 -18717
2 16 -24753
15703 15 15702
1331 15 1330
16365 15 16364
19188 13 19187
13430 14 13429
2 16 -3251
2 16 -14545
12322 14 12321
19365 15 19364
15436 13 15435
2 16 -11955
2 16 -403
2 16 -9151
9725 15 9724
2138 14 2137
26272 9 26271
2 16 -5736
2 16 -24739
2 16 -26306
2 16 -11612
2 16 -19818
7194 14 7193
2 16 -21656
8248 12 8247
2 16 -12800
2 16 -8743
2 16 -15572
2 16 -594
27165 15 27164
8898 14 8897
26950 14 26949
2 16 -14620
16610 14 16609
2 16 -22173
2 16 -15405
3444 13 3443
25386 13 25385
19328 8 19327
19768 12 19767
2 16 -27729
23129 15 23128
27125 15 27124
27216 11 27215
29187 15 29186
2 16 -9251
2 16 -976
2 16 -28700
2 16 -4207
12888 12 12887
16838 14 16837
22220 13 22219
2 16 -1613
7590 14 7589
2 16 -24921
2 16 -17816
260 13 259
17055 15 17054
2 16 -3674
2 16 -3094
2 16 -21271
22061 15 22060
2 16 -9893
2 16 -24433
19064 12 19063
2 16 -4496
5633 15 5632
5094 14 5093
2 16 -12656
2 16 -17226
25079 14 25078
2 16 -21187
1488 11 1487
15777 15 15776
25323 14 25322
2 16 -11202
2 16 -15117
2 16 -16755
10988 13 10987
2 16 -16918
24531 15 24530
2 16 -7537
21558 14 21557
2 16 -10522
28175 15 28174
21774 14 21773
2 16 -18662
590 14 589
2 16 -28345
2 16 -6369
2 16 -16664
2 16 -3452
2 16 -26872
2 16 -13447
2 16 -13826
5143 15 5142
2 16 -2355
10436 13 10435
2 16 -21943
2906 14 2905
27206 14 27205
2 16 -13957
2 16 -14367
10299 15 10298
27270 14 27269
15546 14 15545
26184 11 26183
10570 14 10569
6417 15 6416
2 16 -21886
2 16 -26666
2 16 -721
2 16 -11443
2 16 -17545
6621 15 6620
2 16 -23043
8471 15 8470
2 16 -1166
2 16 -11520
2 16 -16784
4902 14 4901
2 16 -5228
57 15 56
2 16 -11973
9665 15 9664
2 16 -906
1463 15 1462
2 16 -28981
5130 14 5129
2 16 -19638
2 16 -20254
2 16 -15833
19521 15 19520
2 16 -19600
11238 14 11237
27944 12 27943
8652 13 8651
23640 12 23639
25881 14 25880
2 16 -8485
2 16 -8287
2 16 -28160
2 16 -5849
2 16 -10949
2 16 -12579
2 16 -26
2 16 -770
6600 12 6599
29672 12 29671
24256 9 24255
24906 13 24905
2 16 -18217
1474 14 1473
4712 12 4711
2 16 -18206
10084 13 10083
26500 12 26499
2 16 -24326
2 16 -21122
17820 13 17819
2 16 -19012
2 16 -18150
8432 11 8431
6345 15 6344
2 16 -13735
2 16 -10126
23727 15 23726
2 16 -21754
22170 14 22169
2 16 -1062
2 16 -1601
2 16 -11698
2 16 -17888
15 15 14
21647 15 21646
3914 14 3913
18268 13 18267
28213 15 28212
13317 15 13316
2 16 -28336
2 16 -26779
26385 14 26384
2 16 -21764
2 16 -5213
2 16 -11420
1601 15 1600
12715 15 12714
2 16 -9225
22072 12 22071
14665 15 14664
2 16 -7154
19217 15 19216
2 16 -11196
356 13 355
2 16 -14639
2 16 -8633
2 16 -10602
21835 15 21834
20207 15 20206
2 16 -6232
11244 13 11243
2 16 -6105
2 16 -9753
12161 15 12160
2 16 -21917
25204 12 25203
24347 15 24346
2 16 -28053
2 16 -11032
2 16 -10457
16067 15 16066
27249 15 27248
2 16 -19434
2 16 -1990
29624 12 29623
16696 12 16695
27852 13 27851
2 16 -3928
5357 15 5356
2 16 -17536
21713 15 21712
26818 14 26817
15912 12 15911
2 16 -1943
2 16 -14102
23273 15 23272
13472 10 13471
9221 15 9220
13923 15 13922
8410 14 8409
21922 14 21921
2 16 -25332
17648 11 17647
10223 15 10222
2 16 -500
2 16 -23925
2 16 -26158
2 16 -18585
2 16 -7016
2 16 -872
2 16 -13359
2 16 -21089
2 16 -26135
1638 14 1637
15092 13 15091
24278 14 24277
18704 11 18703
2 16 -8047
13751 15 13750
5052 13 5051
6863 15 6862
22417 15 22416
29844 12 29843
2 16 -135
22857 15 22856
2 16 -2098
2 16 -20639
2 16 -7559
2 16 -9742
19031 15 19030
29725 14 29724
27530 14 27529
2 16 -2819
5564 13 5563
2 16 -26310
16200 12 16199
2 16 -68
2 16 -9016
14927 15 14926
22124 13 22123
5027 15 5026
19888 11 19887
2 16 -28281
16927 15 16926
2 16 -16730
13759 15 13758
1904 11 1903
12656 11 12655
2 16 -606
4226 14 4225
7409 15 7408
2 16 -5036
2 16 -7681
2 16 -12980
17662 14 17661
2 16 -19468
7457 15 7456
2 16 -4269
2 16 -23140
22130 14 22129
22486 14 22485
2 16 -3659
2 16 -22536
2 16 -21471
2 16 -22482
2 16 -10185
21723 15 21722
18396 13 18395
2 16 -2856
2 16 -13289
20127 15 20126
2 16 -14507
5327 15 5326
2 16 -23178
2 16 -28087
2 16 -11459
2 16 -14552
15587 15 15586
21000 12 20999
17947 15 17946
2 16 -12074
5285 15 5284
2 16 -14163
2 16 -2134
2 16 -25690
19003 15 19002
2 16 -23588
1395 15 1394
2 16 -27689
17222 14 17221
2 16 -25407
10495 15 10494
9366 14 9365
2 16 -9687
17350 14 17349
2 16 -17247
2 16 -10907
2 16 -12244
2 16 -21212
2 16 -10057
2 16 -19160
6607 15 6606
6738 14 6737
6129 15 6128
24539 15 24538
2 16 -14967
10857 15 10856
2 16 -14188
7497 15 7496
16378 14 16377
2 16 -18528
26426 13 26425
2 16 -29536
14472 12 14471
12701 15 12700
7040 8 7039
2913 15 2912
2619 15 2618
2 16 -19410
29914 14 29913
22320 11 22319
2 16 -17229
9963 15 9962
2 16 -5660
2 16 -23596
17057 15 17056
29241 15 29240
12299 15 12298
2 16 -7682
2 16 -17876
2 16 -16256
2 16 -22048
6506 14 6505
17826 14 17825
25589 14 25588
11761 15 11760
2 16 -23603
6188 13 6187
14124 13 14123
5515 15 5514
2 16 -8435
2 16 -12556
2 16 -22397
25470 13 25469
18482 14 18481
2 16 -11204
18198 14 18197
25987 14 25986
12535 15 12534
2 16 -28635
1007 15 1006
2 16 -11330
2 16 -16887
2 16 -21677
2 16 -15960
2 16 -10285
2 16 -17113
2 16 -29606
7208 12 7207
2 16 -4772
1826 14 1825
2 16 -29623
2 16 -11163
12501 15 12500
13008 11 13007
2 16 -20954
23888 11 23887
8666 14 8665
7758 14 7757
2 16 -23876
2 16 -19398
2 16 -15653
2 16 -2873
16589 15 16588
2 16 -18883
11223 15 11222
2034 14 2033
15189 15 15188
2 16 -6613
2 16 -25359
2 16 -19407
2 16 -20536
2 16 -29605
2 16 -11272
2 16 -24210
2 16 -2578
9525 15 9524
2 16 -3573
2 16 -12402
15243 15 15242
2 16 -2080
2 16 -26135
16545 15 16544
2 16 -13993
2 16 -25979
2 16 -14970
2 16 -13536
2 16 -7033
2 16 -13008
2 16 -19276
2 16 -28764
2 16 -13385
29692 13 29691
25925 14 25924
14459 15 14458
2 16 -11003
27711 15 27710
2 16 -485
2 16 -14148
14492 13 14491
27243 15 27242
1097 15 1096
17217 15 17216
2 16 -26394
2 16 -20608
2 16 -25970
2 16 -5236
29198 14 29197
10105 15 10104
24657 14 24656
17056 10 17055
2 16 -14452
2 16 -3532
26685 15 26684
6042 14 6041
2 16 -5503
2 16 -135
28687 14 28686
2 16 -27190
19082 14 19081
4255 15 4254
15743 15 15742
24174 14 24173
978 14 977
2 16 -7588
18809 15 18808
2 16 -1993
2 16 -151
2365 15 2364
2 16 -22437
2 16 -18179
14683 15 14682
2 16 -22329
2 16 -12497
2 16 -13123
27948 13 27947
14096 11 14095
2 16 -28618
2 16 -19195
22196 13 22195
25962 13 25961
2 16 -28227
4401 15 4400
23069 15 23068
2 16 -6533
2 16 -16125
2 16 -5739
28127 15 28126
2 16 -16155
27486 14 27485
2 16 -22619
2 16 -1442
2 16 -11007
2 16 -3758
2108 13 2107
15561 15 15560
2769 15 2768
2 16 -29242
8620 13 8619
4319 15 4318
18987 15 18986
2 16 -26177
6911 15 6910
16972 13 16971
2 16 -26789
5415 15 5414
2 16 -4704
7718 14 7717
15657 15 15656
7673 15 7672
2 16 -21972
1881 15 1880
2 16 -12379
2 16 -7906
7490 14 7489
4408 12 4407
4398 14 4397
2 16 -27093
2 16 -7837
2 16 -18194
24416 10 24415
2 16 -9505
4281 15 4280
18946 14 18945
2 16 -8500
16725 15 16724
17995 15 17994
2 16 -14843
16668 13 16667
20577 15 20576
2 16 -9073
2 16 -137
2 16 -22755
2 16 -9417
2 16 -6151
2 16 -16673
2 16 -14726
16616 12 16615
6788 13 6787
2 16 -7133
9556 13 9555
2 16 -21561
16517 15 16516
2 16 -10227
577 15 576
2 16 -28453
2 16 -15051
26525 14 26524
2 16 -20587
2 16 -19436
1115 15 1114
2 16 -9642
2 16 -2878
10104 12 10103
2 16 -21946
2 16 -27228
6771 15 6770
27064 12 27063
2 16 -3624
2 16 -20891
18275 15 18274
2 16 -27127
2 16 -25773
2 16 -21013
2 16 -14311
2 16 -13770
2 16 -16094
11161 15 11160
2 16 -19959
2 16 -23655
2 16 -8246
26442 13 26441
2 16 -6775
2 16 -1421
21318 14 21317
2 16 -13366
19546 14 19545
2224 11 2223
25834 13 25833
2 16 -23468
23226 14 23225
2 16 -8570
2 16 -2762
6513 15 6512
21998 14 21997
12321 15 12320
2 16 -16857
2 16 -14299
11819 15 11818
4035 15 4034
2 16 -21791
9191 15 9190
2 16 -6160
2 16 -18873
29201 15 29200
2 16 -26789
2 16 -12538
21911 15 21910
2 16 -17489
2 16 -10595
2 16 -16320
2 16 -25083
21415 15 21414
15161 15 15160
2 16 -670
2 16 -3233
5976 12 5975
29392 11 29391
13181 15 13180
5985 15 5984
2 16 -12814
2 16 -16426
14782 14 14781
2 16 -8874
6884 13 6883
4234 14 4233
2 16 -20640
2 16 -15573
2633 15 2632
14920 12 14919
2 16 -29282
26240 7 26239
14557 15 14556
2 16 -22484
2 16 -22700
2 16 -23691
2 16 -20072
2 16 -27392
20553 15 20552
2 16 -10895
2 16 -2951
2 16 -19058
23850 14 23849
2 16 -9137
28943 14 28942
2 16 -9955
11422 14 11421
19971 15 19970
9147 15 9146
2 16 -7694
2 16 -12501
2 16 -24219
2 16 -8334
2 16 -3976
26204 12 26203
2 16 -8011
2 16 -2428
2 16 -12675
2 16 -5938
2 16 -10032
2 16 -16973
13769 15 13768
10554 14 10553
10283 15 10282
2 16 -28327
2 16 -17935
19572 13 19571
2 16 -8025
21405 15 21404
2 16 -10112
13305 15 13304
2 16 -2820
2 16 -21143
26284 12 26283
2 16 -5929
21924 13 21923
2 16 -20280
2 16 -29621
18215 15 18214
2 16 -14076
2 16 -2079
2 16 -10269
22989 15 22988
15146 14 15145
10922 14 10921
2 16 -23423
8000 9 7999
14224 11 14223
11992 12 11991
2 16 -17040
5558 14 5557
1722 14 1721
2 16 -23185
2 16 -24978
2 16 -22903
10838 14 10837
360 12 359
2 16 -1794
2 16 -3981
24654 13 24653
1954 14 1953
19856 11 19855
2 16 -421
2 16 -26056
14249 15 14248
2 16 -28927
2 16 -24708
2 16 -23574
23967 15 23966
17522 14 17521
3899 15 3898
2 16 -23023
7201 15 7200
2 16 -7387
28120 12 28119
2 16 -18640
23857 15 23856
2 16 -18168
16878 14 16877
23792 11 23791
2 16 -327
12691 15 12690
2 16 -13845
2 16 -2608
549 15 548
2 16 -6239
4218 14 4217
2 16 -23088
2 16 -4062
2 16 -26852
2041 15 2040
12690 14 12689
23965 15 23964
11989 15 11988
2 16 -8679
24304 11 24303
2 16 -6108
2 16 -21001
13903 15 13902
6521 15 6520
11419 15 11418
11890 14 11889
2 16 -10244
25069 14 25068
10392 12 10391
2 16 -12921
2 16 -13867
2 16 -13961
10562 14 10561
2 16 -26708
2 16 -2561
11054 14 11053
2 16 -26499
2 16 -9950
2685 15 2684
2 16 -18785
19189 15 19188
13850 14 13849
2 16 -1310
17823 15 17822
2 16 -1682
23993 15 23992
2 16 -8771
23382 14 23381
10540 13 10539
2 16 -28951
4110 14 4109
2 16 -18002
2 16 -28374
16919 15 16918
2 16 -3012
2 16 -22195
11623 15 11622
2 16 -19823
2 16 -19556
2 16 -29839
2 16 -8475
2 16 -10066
3881 15 3880
6946 14 6945
2 16 -29659
12960 10 12959
2 16 -16736
11261 15 11260
2 16 -17458
24994 13 24993
28041 15 28040
2620 13 2619
2 16 -15674
503 15 502
2 16 -28309
8478 14 8477
26257 14 26256
2 16 -9613
9871 15 9870
542 14 541
2 16 -16066
2 16 -13211
10970 14 10969
6489 15 6488
16742 14 16741
2 16 -23886
2 16 -11463
29725 14 29724
2 16 -27575
22706 14 22705
2 16 -9830
2 16 -22843
2 16 -14215
2 16 -7037
23389 15 23388
2 16 -16981
26413 14 26412
2 16 -21368
2 16 -15245
2 16 -4482
6476 13 6475
2 16 -6491
10399 15 10398
2 16 -24045
9477 15 9476
2 16 -308
22244 13 22243
25 15 24
14059 15 14058
2 16 -5596
13677 15 13676
2 16 -16559
2 16 -7631
18544 11 18543
19516 13 19515
1101 15 1100
23710 14 23709
24379 15 24378
2 16 -15309
21396 13 21395
2 16 -8239
2 16 -8411
2 16 -18559
27922 14 27921
2 16 -16951
13524 13 13523
2 16 -4555
2 16 -4817
14063 15 14062
18075 15 18074
2 16 -25061
2 16 -10113
1065 15 1064
13077 15 13076
2 16 -1546
2 16 -19022
2 16 -14538
7101 15 7100
2 16 -1228
2837 15 2836
916 13 915
2 16 -15756
2 16 -9493
18384 11 18383
15986 14 15985
29924 13 29923
2 16 -27888
14005 15 14004
27677 15 27676
12660 13 12659
2 16 -9409
18636 13 18635
1501 15 1500
2 16 -16978
2 16 -14603
2 16 -29250
9178 14 9177
2 16 -8432
5254 14 5253
2 16 -8178
2170 14 2169
9523 15 9522
26566 13 26565
2322 14 2321
2 16 -29777
2 16 -13068
16986 14 16985
11174 14 11173
10168 12 10167
29206 14 29205
2 16 -11307
3733 15 3732
2 16 -29274
18387 15 18386
27205 15 27204
2 16 -4030
14868 13 14867
2 16 -17642
29133 14 29132
13738 14 13737
2 16 -2789
2 16 -23462
2 16 -5459
16906 14 16905
11891 15 11890
2 16 -9952
1475 15 1474
6198 14 6197
2570 14 2569
12966 14 12965
2 16 -26103
2 16 -23590
2 16 -5876
9285 15 9284
22104 12 22103
885 15 884
9436 13 9435
2 16 -16346
29663 15 29662
2 16 -5683
6670 14 6669
2 16 -25752
2 16 -12798
2922 14 2921
838 14 837
11897 15 11896
14870 14 14869
2 16 -20342
2 16 -18798
2 16 -10774
26477 14 26476
9564 13 9563
19582 14 19581
23345 15 23344
6945 15 6944
26460 12 26459
20765 15 20764
2 16 -25762
2 16 -11615
25515 14 25514
2 16 -9419
28102 14 28101
2 16 -16923
2 16 -19716
2 16 -9922
2 16 -6543
23142 14 23141
15266 14 15265
20431 15 20430
11182 14 11181
23313 15 23312
22445 15 22444
13597 15 13596
2 16 -1158
19026 14 19025
3941 15 3940
16216 12 16215
2 16 -10223
16345 15 16344
2 16 -18109
7605 15 7604
9809 15 9808
2 16 -23903
20845 15 20844
16165 15 16164
2 16 -28131
164 13 163
2 16 -21728
2 16 -1516
2 16 -10003
20096 8 20095
9341 15 9340
1979 15 1978
2 16 -13854
2 16 -10309
2 16 -11751
2 16 -17222
18074 14 18073
18140 13 18139
2 16 -7222
2 16 -1664
4628 13 4627
22402 14 22401
2 16 -10238
1439 15 1438
2 16 -4276
2097 15 2096
8532 13 8531
711 15 710
2 16 -16307
2 16 -23750
10881 15 10880
16048 11 16047
2 16 -16849
28673 14 28672
11963 15 11962
2 16 -15279
3748 13 3747
2 16 -8367
12969 15 12968
2 16 -22411
2 16 -21252
2 16 -10323
29233 15 29232
2 16 -19084
3861 15 3860
2 16 -21373
2 16 -14749
2 16 -1538
2 16 -25811
2 16 -7268
26543 14 26542
2 16 -4218
2 16 -16016
2 16 -18713
2 16 -19401
2 16 -14627
2 16 -10511
1860 13 1859
23294 14 23293
2 16 -1666
4327 15 4326
15414 14 15413
2 16 -25628
9102 14 9101
24963 14 24962
19162 14 19161
20424 12 20423
29619 15 29618
2 16 -19753
4528 11 4527
5078 14 5077
2 16 -1647
2 16 -20698
21001 15 21000
25597 14 25596
2 16 -14252
29577 15 29576
2 16 -26356
2 16 -20690
2 16 -3106
2 16 -18893
2 16 -11919
15336 12 15335
17042 14 17041
7614 14 7613
6221 15 6220
2 16 -22835
13355 15 13354
27859 15 27858
9608 12 9607
21898 14 21897
2 16 -24752
2 16 -27403
2 16 -4370
9159 15 9158
2 16 -22188
2 16 -11596
28900 12 28899
2 16 -27127
2 16 -8807
4758 14 4757
2 16 -5830
11331 15 11330
2 16 -3947
2 16 -25242
11827 15 11826
2 16 -3352
2 16 -19390
2449 15 2448
2 16 -26927
11182 14 11181
6913 15 6912
9163 15 9162
925 15 924
10089 15 10088
2 16 -28325
3323 15 3322
2 16 -7889
1530 14 1529
29282 14 29281
13906 14 13905
6832 11 6831
1863 15 1862
21959 15 21958
2 16 -542
2 16 -21795
2 16 -11044
26017 14 26016
11121 15 11120
19164 13 19163
22978 14 22977
5734 14 5733
7084 13 7083
29368 12 29367
2 16 -9351
2 16 -18029
2 16 -2932
28964 12 28963
2 16 -4172
22618 14 22617
11874 14 11873
3238 14 3237
2 16 -10317
2 16 -3612
8802 14 8801
14541 15 14540
2 16 -1723
25038 13 25037
2 16 -21994
20293 15 20292
2 16 -19203
23002 14 23001
2 16 -5541
2 16 -18788
2 16 -6763
1063 15 1062
15980 13 15979
18005 15 18004
2 16 -27839
14178 14 14177
15673 15 15672
2 16 -15739
2 16 -26881
2 16 -9922
29432 12 29431
12997 15 12996
8971 15 8970
17471 15 17470
2 16 -28631
2 16 -27867
13280 10 13279
2 16 -13339
16711 15 16710
17641 15 17640
28786 13 28785
2 16 -15110
10984 12 10983
27304 12 27303
22114 14 22113
29708 12 29707
19592 12 19591
18495 15 18494
23405 15 23404
2 16 -28825
27496 12 27495
2 16 -28220
2 16 -23049
2 16 -22367
2 16 -29550
2 16 -11147
7908 13 7907
7086 14 7085
559 15 558
2 16 -24991
2 16 -20823
2 16 -16647
2 16 -17620
2 16 -8414
12852 13 12851
5375 15 5374
14599 15 14598
10386 14 10385
22156 13 22155
15613 15 15612
25884 12 25883
2 16 -4719
9266 14 9265
2 16 -21190
2 16 -13006
2 16 -20305
22153 15 22152
17276 13 17275
1072 11 1071
15071 15 15070
13993 15 13992
6334 14 6333
2 16 -24849
2173 15 2172
16721 15 16720
19065 15 19064
2 16 -4182
2876 13 2875
29080 11 29079
2427 15 2426
2 16 -14560
2 16 -1532
2 16 -21694
17215 15 17214
22638 14 22637
27478 14 27477
26297 14 26296
6405 15 6404
2 16 -5679
5011 15 5010
2 16 -17815
2 16 -27651
14196 13 14195
2 16 -12882
13934 14 13933
404 13 403
2 16 -16382
2 16 -7497
27351 15 27350
4696 12 4695
2 16 -18879
2 16 -8583
2 16 -6674
22258 14 22257
2 16 -11250
2 16 -5615
2 16 -8403
18715 15 18714
2 16 -16201
15419 15 15418
2 16 -12336
2 16 -22350
2 16 -12236
8313 15 8312
2 16 -8802
27311 15 27310
29180 12 29179
2 16 -19927
2 16 -875
2 16 -15383
17182 14 17181
2 16 -17862
23113 15 23112
2 16 -1286
2 16 -28452
2 16 -14988
2 16 -16191
29281 15 29280
2 16 -6576
18880 9 18879
19480 12 19479
13871 15 13870
2 16 -21530
2 16 -12021
21042 14 21041
5760 8 5759
17007 15 17006
2 16 -2280
1471 15 1470
25671 14 25670
2 16 -9962
2 16 -8537
27986 14 27985
4925 15 4924
2 16 -11537
2 16 -7985
2 16 -519
8633 15 8632
25461 14 25460
22764 13 22763
2 16 -10760
2 16 -26509
6676 13 6675
14767 15 14766
12510 14 12509
6045 15 6044
2 16 -15297
2 16 -22230
23772 13 23771
10626 14 10625
2 16 -20446
2 16 -5551
13647 15 13646
2 16 -28197
5422 14 5421
2 16 -5640
8481 15 8480
2 16 -24915
10024 12 10023
24678 13 24677
5632 6 5631
2 16 -7704
2 16 -14364
2 16 -24290
2 16 -26135
6059 15 6058
1905 15 1904
2 16 -586
29477 15 29476
2 16 -25840
2 16 -2057
2 16 -10328
26805 15 26804
7564 13 7563
4913 15 4912
2 16 -11697
26050 13 26049
20351 15 20350
2427 15 2426
2 16 -4011
2 16 -1300
10895 15 10894
14811 15 14810
23083 15 23082
2 16 -2938
2 16 -23648
2 16 -11549
5414 14 5413
10222 14 10221
2 16 -3518
7521 15 7520
28878 13 28877
16794 14 16793
2 16 -23642
14376 12 14375
28407 15 28406
2795 15 2794
2 16 -2257
2 16 -11208
1332 13 1331
2 16 -21308
6413 15 6412
13773 15 13772
13087 15 13086
2 16 -24655
2 16 -29145
23266 14 23265
19987 15 19986
2 16 -21281
2 16 -9251
14501 15 14500
28251 15 28250
20072 12 20071
8660 13 8659
2 16 -26365
2 16 -11458
2 16 -12423
14575 15 14574
2 16 -5
2 16 -13345
2 16 -8468
2 16 -21971
18875 15 18874
2 16 -20408
2 16 -16568
2 16 -16737
13642 14 13641
2 16 -7494
2 16 -19069
2 16 -896
2 16 -27741
2 16 -19251
2 16 -23591
26627 15 26626
2 16 -10505
2 16 -19023
2 16 -29033
2 16 -22608
783 15 782
2 16 -2934
2 16 -25586
5683 15 5682
2 16 -5629
10376 12 10375
20987 15 20986
2 16 -26756
27672 12 27671
2 16 -20101
17173 15 17172
9638 14 9637
9568 10 9567
2 16 -25394
12759 15 12758
29865 14 29864
2 16 -1561
3756 13 3755
4429 15 4428
253 15 252
2 16 -28870
2 16 -17146
2 16 -26116
2 16 -17917
28717 14 28716
23316 13 23315
2 16 -1045
2 16 -100
2 16 -9968
21266 14 21265
2 16 -17574
25195 14 25194
2 16 -25093
25352 11 25351
29476 13 29475
2 16 -20456
28376 12 28375
7427 15 7426
22098 14 22097
16327 15 16326
2 16 -10845
2256 11 2255
2 16 -12237
2 16 -20535
28135 15 28134
506 14 505
11476 13 11475
13619 15 13618
13130 14 13129
2 16 -12345
5341 15 5340
2 16 -25751
21614 14 21613
2 16 -25753
29042 13 29041
270 14 269
2 16 -17416
10949 15 10948
2 16 -15673
2 16 -3794
2 16 -20088
2 16 -19650
2 16 -26230
2 16 -28118
17562 14 17561
17344 9 17343
1057 15 1056
6555 15 6554
18582 14 18581
2 16 -23747
2 16 -23617
2 16 -9477
22215 15 22214
8771 15 8770
2 16 -2419
2 16 -18245
11384 12 11383
26689 15 26688
2 16 -23414
2 16 -25515
2 16 -20756
2 16 -15718
2 16 -11154
2 16 -23365
29254 14 29253
7658 14 7657
2 16 -12574
1997 15 1996
2 16 -26092
2 16 -8443
18080 10 18079
2 16 -1386
17804 13 17803
18266 14 18265
12115 15 12114
2 16 -21143
12260 13 12259
2 16 -19429
2 16 -13081
2 16 -27388
12095 15 12094
11651 15 11650
8884 13 8883
2 16 -1336
2 16 -27315
2 16 -18167
24592 10 24591
20421 15 20420
2 16 -4138
2 16 -5569
6588 13 6587
2 16 -1625
8589 15 8588
15937 15 15936
2 16 -23271
2 16 -14111
2 16 -13341
3753 15 3752
2 16 -6511
5854 14 5853
2 16 -6322
28061 15 28060
23367 15 23366
2 16 -14233
28958 13 28957
2 16 -17915
2 16 -8944
2 16 -1113
2 16 -12242
23089 15 23088
2 16 -20195
2 16 -22129
2 16 -8508
2 16 -8858
2 16 -14137
2 16 -27547
28539 15 28538
1700 13 1699
2 16 -7839
2 16 -10612
10211 15 10210
2 16 -2986
2 16 -8003
2 16 -21490
22167 15 22166
2 16 -2269
9169 15 9168
3172 13 3171
2 16 -2711
2 16 -7509
2 16 -7684
2 16 -22313
1586 14 1585
2 16 -27498
2 16 -23611
18369 15 18368
27557 15 27556
2 16 -25959
2 16 -16476
15455 15 15454
2 16 -9097
2 16 -28979
2 16 -22220
2 16 -24980
2 16 -2151
2 16 -20034
1224 12 1223
16653 15 16652
25697 14 25696
2 16 -29670
2 16 -8378
2 16 -27971
2 16 -29279
2 16 -1172
11215 15 11214
6001 15 6000
14301 15 14300
302 14 301
2 16 -8866
2 16 -1091
402 14 401
15070 14 15069
14722 14 14721
12786 14 12785
14686 14 14685
7144 12 7143
2 16 -7770
20286 14 20285
2 16 -2102
2 16 -7364
15077 15 15076
2239 15 2238
22651 15 22650
2 16 -4864
2 16 -2923
2 16 -22417
2 16 -8998
2 16 -24626
2 16 -26729
28670 14 28669
2 16 -1749
2 16 -29465
27785 15 27784
2 16 -24392
25359 14 25358
21884 13 21883
2 16 -6399
3556 13 3555
26486 13 26485
2 16 -10477
2 16 -7518
25953 14 25952
1600 9 1599
2 16 -14217
24447 15 24446
25819 14 25818
2 16 -17352
2 16 -24310
20087 15 20086
28324 13 28323
29208 12 29207
24520 12 24519
2 16 -2984
2 16 -6637
2 16 -22481
2 16 -8200
19961 15 19960
2 16 -3795
20057 15 20056
1615 15 1614
2 16 -17735
15009 15 15008
2 16 -14998
13427 15 13426
2 16 -28627
18822 14 18821
2884 13 2883
2 16 -5748
2 16 -9929
1739 15 1738
20470 14 20469
2 16 -5257
2 16 -4469
2 16 -7643
7818 14 7817
5339 15 5338
2 16 -3763
16452 13 16451
2 16 -4092
11369 15 11368
19163 15 19162
9286 14 9285
11370 14 11369
21579 15 21578
2 16 -10896
3032 12 3031
2 16 -19226
2 16 -9821
17764 13 17763
2 16 -2587
2 16 -26596
2 16 -16578
2 16 -23511
2978 14 2977
2 16 -21865
2 16 -22241
26455 14 26454
11313 15 11312
2 16 -1770
2 16 -14144
16543 15 16542
1565 15 1564
2 16 -28249
2 16 -4778
6793 15 6792
2 16 -9321
2 16 -23653
10879 15 10878
2 16 -4825
2 16 -1437
21961 15 21960
18530 14 18529
3000 12 2999
2702 14 2701
2 16 -3573
29430 14 29429
17559 15 17558
4094 14 4093
25154 13 25153
5176 12 5175
18033 15 18032
2 16 -1923
4821 15 4820
15297 15 15296
7787 15 7786
21755 15 21754
2 16 -10474
26369 14 26368
4509 15 4508
1676 13 1675
2 16 -22596
28737 14 28736
11187 15 11186
160 10 159
29475 15 29474
589 15 588
2 16 -29563
25822 13 25821
18246 14 18245
2 16 -7564
2 16 -17855
6659 15 6658
2 16 -26998
28310 14 28309
2 16 -720
2 16 -22770
2 16 -5951
2 16 -14050
15374 14 15373
22007 15 22006
2 16 -9964
2 16 -18719
1996 13 1995
19043 15 19042
2 16 -24484
21521 15 21520
14038 14 14037
1014 14 1013
2 16 -2924
8072 12 8071
2 16 -17253
22514 14 22513
6997 15 6996
9488 11 9487
2 16 -5491
11681 15 11680
9336 12 9335
2 16 -15350
16449 15 16448
2 16 -23853
28228 13 28227
2 16 -7510
2 16 -1179
2 16 -26808
2 16 -17558
15839 15 15838
12134 14 12133
16578 14 16577
2 16 -5856
17404 13 17403
2 16 -17179
2 16 -28273
2 16 -5139
22448 11 22447
2 16 -4890
24410 14 24409
2 16 -14475
2 16 -1375
2 16 -25980
29572 13 29571
2 16 -24775
22405 15 22404
2 16 -6174
29945 15 29944
26919 15 26918
19664 11 19663
2 16 -25426
20553 15 20552
2 16 -17064
20169 15 20168
2 16 -17527
10392 12 10391
2 16 -24698
2697 15 2696
2 16 -398
2 16 -5208
2 16 -15411
4251 15 4250
2 16 -9710
12946 14 12945
2 16 -13851
18692 13 18691
9872 11 9871
2928 11 2927
16387 15 16386
22614 14 22613
2 16 -24614
12634 14 12633
2 16 -15563
25003 14 25002
2 16 -14323
2 16 -12717
16448 9 16447
28523 15 28522
5153 15 5152
4234 14 4233
3309 15 3308
2 16 -1670
2 16 -3800
20452 13 20451
2 16 -13039
9271 15 9270
12998 14 12997
27596 13 27595
2 16 -6527
22435 15 22434
2 16 -16488
11065 15 11064
10116 13 10115
2 16 -6296
2 16 -25938
12683 15 12682
1470 14 1469
2 16 -27962
24798 13 24797
12401 15 12400
2 16 -2973
13179 15 13178
2 16 -21675
15924 13 15923
19852 13 19851
10901 15 10900
2 16 -8918
2 16 -24694
560 11 559
2 16 -1422
2 16 -7357
2 16 -8968
2 16 -10800
2 16 -11370
17913 15 17912
15757 15 15756
27309 15 27308
2 16 -17740
11390 14 11389
21961 15 21960
2 16 -8404
6893 15 6892
29515 15 29514
5941 15 5940
2 16 -29047
2 16 -1065
2 16 -26078
2 16 -931
2 16 -24227
25729 14 25728
23515 15 23514
28658 14 28657
2 16 -20029
10554 14 10553
2 16 -19908
2 16 -16583
1295 15 1294
2 16 -3505
2 16 -1509
2 16 -18142
2 16 -28774
2 16 -8703
21257 15 21256
2 16 -19553
2 16 -18574
21068 13 21067
9484 13 9483
2 16 -18460
6483 15 6482
2 16 -21745
2 16 -21074
4296 12 4295
3454 14 3453
19910 14 19909
2 16 -10566
27358 14 27357
6145 15 6144
11313 15 11312
19950 14 19949
2 16 -4354
10303 15 10302
19037 15 19036
28935 14 28934
2 16 -10135
18238 14 18237
26633 15 26632
2 16 -12095
24730 13 24729
5271 15 5270
10888 12 10887
13303 15 13302
133 15 132
2 16 -13981
12400 11 12399
2 16 -3276
2 16 -29200
2 16 -3162
2 16 -11956
2 16 -20339
2 16 -25690
2 16 -19090
2 16 -22186
2 16 -8595
2 16 -10083
2 16 -14818
804 13 803
2 16 -6726
2 16 -8486
24397 15 24396
2 16 -23186
2 16 -1002
2 16 -10526
9323 15 9322
24955 14 24954
2 16 -24668
2 16 -9406
27135 15 27134
2 16 -23055
2 16 -120
2 16 -22145
23525 15 23524
2 16 -29014
2 16 -29590
2 16 -21029
13055 15 13054
2 16 -25274
14888 12 14887
5362 14 5361
8344 12 8343
27226 14 27225
2 16 -7109
2 16 -9362
20325 15 20324
6054 14 6053
2 16 -18833
2 16 -10894
15079 15 15078
2 16 -3263
2 16 -29984
8919 15 8918
19255 15 19254
3044 13 3043
2 16 -2715
11424 10 11423
28849 14 28848
21497 15 21496
2 16 -22220
2 16 -9211
2 16 -25609
2 16 -7980
2 16 -16242
2 16 -1175
883 15 882
4934 14 4933
2 16 -19274
2 16 -27375
18329 15 18328
9003 15 9002
11322 14 11321
2 16 -39
2 16 -28126
6517 15 6516
28474 14 28473
4208 11 4207
8004 13 8003
2855 15 2854
2 16 -23670
2 16 -4170
13226 14 13225
2 16 -22304
25991 14 25990
2 16 -29556
2 16 -9642
2 16 -14181
2 16 -1393
2 16 -9000
2 16 -12185
2 16 -13831
11175 15 11174
2 16 -20000
2 16 -24580
10428 13 10427
2 16 -27627
2 16 -10252
11949 15 11948
2 16 -13235
17766 14 17765
6450 14 6449
2 16 -15809
13387 15 13386
2 16 -14367
10194 14 10193
2 16 -29953
12169 15 12168
2 16 -11838
26831 15 26830
2 16 -15426
8887 15 8886
23163 15 23162
29666 14 29665
14895 15 14894
4186 14 4185
2 16 -1416
2 16 -12033
2 16 -4538
2 16 -26169
7757 15 7756
2 16 -26432
2 16 -22030
9569 15 9568
2 16 -24991
2 16 -29885
2 16 -29016
2 16 -12925
2 16 -26717
8026 14 8025
6693 15 6692
2 16 -20635
29517 15 29516
2 16 -11340
2 16 -24371
17579 15 17578
21732 13 21731
19269 15 19268
2 16 -29980
22891 15 22890
2 16 -9293
23942 14 23941
10568 12 10567
3582 14 3581
9647 15 9646
12077 15 12076
21689 15 21688
2 16 -18466
2 16 -4619
2 16 -29689
2 16 -17714
2 16 -26276
8285 15 8284
2 16 -12777
2 16 -29739
919 15 918
2 16 -2497
2 16 -20749
4325 15 4324
2 16 -4416
2 16 -9
8133 15 8132
2 16 -9843
12085 15 12084
1015 15 1014
10294 14 10293
22093 15 22092
26183 14 26182
16114 14 16113
2 16 -21975
2 16 -13057
2 16 -11458
2 16 -12213
2 16 -22540
2 16 -24686
2 16 -7614
2 16 -3247
2 16 -24424
11258 14 11257
2 16 -3487
18312 12 18311
2 16 -12876
2 16 -27561
2 16 -5075
28585 15 28584
4320 10 4319
18503 15 18502
20599 15 20598
23712 10 23711
23953 15 23952
2 16 -29136
2 16 -14630
10618 14 10617
2 16 -3280
15168 9 15167
2 16 -6030
2 16 -7272
2 16 -24565
2 16 -5680
2 16 -24631
18927 15 18926
2 16 -7903
21911 15 21910
11046 14 11045
2 16 -3614
2 16 -29977
19337 15 19336
2 16 -29004
15286 14 15285
18757 15 18756
1111 15 1110
2 16 -22629
2 16 -22836
2 16 -27905
3391 15 3390
5206 14 5205
3185 15 3184
6018 14 6017
2 16 -29970
2 16 -15571
2 16 -13459
1604 13 1603
2 16 -26682
2 16 -13001
2 16 -9893
2 16 -29888
2 16 -24943
2 16 -2495
26547 14 26546
13130 14 13129
9865 15 9864
22046 14 22045
24006 14 24005
2 16 -9553
2 16 -5450
17205 15 17204
2 16 -17775
4089 15 4088
1295 15 1294
29316 13 29315
4235 15 4234
12108 13 12107
28335 15 28334
2 16 -20872
2 16 -21108
2 16 -7663
2 16 -26335
2 16 -2883
5790 14 5789
3547 15 3546
22186 14 22185
727 15 726
14726 14 14725
2 16 -26175
2 16 -20498
18109 15 18108
16904 12 16903
29829 14 29828
2 16 -21180
2 16 -1114
2 16 -24849
4678 14 4677
14039 15 14038
2 16 -6602
2 16 -21793
29656 12 29655
11743 15 11742
13939 15 13938
12541 15 12540
17063 15 17062
2 16 -21096
15125 15 15124
2 16 -9717
2 16 -4747
9702 14 9701
2 16 -21920
2 16 -20525
2 16 -23468
12953 15 12952
2 16 -7011
2 16 -20101
2 16 -22513
22498 14 22497
29742 13 29741
2 16 -11195
2 16 -21383
2 16 -21961
2 16 -4932
2 16 -15355
290 14 289
2 16 -5410
2 16 -15153
14153 15 14152
11868 13 11867
2 16 -24081
12169 15 12168
4477 15 4476
1061 15 1060
2 16 -26759
19100 13 19099
29559 15 29558
28348 13 28347
29058 13 29057
2 16 -22097
20714 14 20713
2 16 -10670
12643 15 12642
4426 14 4425
2438 14 2437
796 13 795
16925 15 16924
2 16 -10657
2 16 -9558
1990 14 1989
